0 0.1 -54.0447
0.2 -13.5154
0.3 -6.01153
0.4 -3.38554
0.5 -2.16949
0.6 -1.50919
0.7 -1.11107
0.8 -0.852682
0.9 -0.675519
1 -0.54881
1.1 -0.455014
1.2 -0.383717
1.3 -0.328238
1.4 -0.28424
1.5 -0.24874
1.6 -0.219671
1.7 -0.195608
1.8 -0.175428
1.9 -0.15836
2 -0.143811
2.1 -0.131279
2.2 -0.120415
2.3 -0.110962
2.4 -0.10266
2.5 -0.0953436
2.6 -0.088851
2.7 -0.083085
2.8 -0.0779251
2.9 -0.073288
3 -0.0691215
3.1 -0.0653512
3.2 -0.0619353
3.3 -0.0588257
3.4 -0.0559977
3.5 -0.0534047
3.6 -0.0510313
3.7 -0.0488577
3.8 -0.0468504
3.9 -0.0450015
4 -0.0432953
4.1 -0.0417142
4.2 -0.0402473
4.3 -0.0388851
4.4 -0.037617
4.5 -0.0364383
4.6 -0.0353368
4.7 -0.0343091
4.8 -0.0333421
4.9 -0.0324389
5 -0.031592
5.1 -0.0307972
5.2 -0.030047
5.3 -0.029343
5.4 -0.0286754
5.5 -0.028047
5.6 -0.0274537
5.7 -0.0268914
5.8 -0.0263558
5.9 -0.0258504
6 -0.0253686
6.1 -0.0249121
6.2 -0.024474
6.3 -0.024058
6.4 -0.0236592
6.5 -0.0232765
6.6 -0.0229113
6.7 -0.022561
6.8 -0.0222229
6.9 -0.021896
7 -0.0215824
7.1 -0.0212779
7.2 -0.0209821
7.3 -0.0206965
7.4 -0.0204189
7.5 -0.0201475
7.6 -0.0198818
7.7 -0.0196219
7.79999 -0.0193684
7.89999 -0.0191176
7.99999 -0.0188719
8.09999 -0.0186278
8.2 -0.0183877
8.3 -0.0181497
8.4 -0.0179139
8.5 -0.0176795
8.6 -0.0174443
8.7 -0.0172114
8.8 -0.0169748
8.9 -0.0167402
9 -0.0165054
9.1 -0.0162684
9.2 -0.0160305
9.3 -0.0157899
9.4 -0.0155475
9.5 -0.0153006
9.6 -0.0150527
9.7 -0.0148013
9.8 -0.0145463
9.9 -0.0142876
