0 0.1 -54.0386
0.2 -13.516
0.3 -6.01178
0.4 -3.38532
0.5 -2.16964
0.6 -1.50928
0.7 -1.11111
0.8 -0.852688
0.9 -0.67552
1 -0.548797
1.1 -0.455042
1.2 -0.38374
1.3 -0.328255
1.4 -0.284235
1.5 -0.248728
1.6 -0.219673
1.7 -0.195599
1.8 -0.17543
1.9 -0.158366
2 -0.143803
2.1 -0.131276
2.2 -0.120423
2.3 -0.11096
2.4 -0.10266
2.5 -0.0953419
2.6 -0.0888565
2.7 -0.0830832
2.8 -0.0779224
2.9 -0.073291
3 -0.0691198
3.1 -0.0653504
3.2 -0.0619334
3.3 -0.0588268
3.4 -0.0559946
3.5 -0.0534059
3.6 -0.0510341
3.7 -0.0488559
3.8 -0.0468514
3.9 -0.0450028
4 -0.0432948
4.1 -0.0417137
4.2 -0.0402475
4.3 -0.0388856
4.4 -0.0376186
4.5 -0.036438
4.6 -0.0353362
4.7 -0.0343065
4.8 -0.033343
4.9 -0.03244
5 -0.0315926
5.1 -0.0307964
5.2 -0.0300474
5.3 -0.0293418
5.4 -0.0286763
5.5 -0.0280478
5.6 -0.0274535
5.7 -0.0268907
5.8 -0.0263573
5.9 -0.0258509
6 -0.0253695
6.1 -0.0249113
6.2 -0.0244746
6.3 -0.0240577
6.4 -0.0236592
6.5 -0.0232776
6.6 -0.0229117
6.7 -0.0225603
6.8 -0.0222223
6.9 -0.0218964
7 -0.0215819
7.1 -0.0212776
7.2 -0.0209828
7.3 -0.0206966
7.4 -0.0204182
7.5 -0.0201468
7.6 -0.0198818
7.7 -0.0196224
7.79999 -0.0193679
7.89999 -0.0191179
7.99999 -0.0188717
8.09999 -0.0186287
8.2 -0.0183884
8.3 -0.0181503
8.4 -0.0179139
8.5 -0.0176786
8.6 -0.0174442
8.7 -0.0172101
8.8 -0.0169758
8.9 -0.0167411
9 -0.0165055
9.1 -0.0162686
9.2 -0.0160301
9.3 -0.0157896
9.4 -0.0155468
9.5 -0.0153014
9.6 -0.0150531
9.7 -0.0148015
9.8 -0.0145464
9.9 -0.0142874
