1 0.531861
2 0.25311
3 0.154162
4 0.0998349
5 0.0630645
6 0.0348731
7 0.0115298
8 -0.00864355
9 -0.0263254
10 -0.0416147
11 -0.0542324
12 -0.0636513
13 -0.0692118
14 -0.0702541
15 -0.0662753
16 -0.0571086
17 -0.0431043
18 -0.0252786
19 -0.00537948
20 0.0141831
21 0.0305899
22 0.0410632
23 0.0434772
24 0.0370192
25 0.022717
26 0.00360935
27 -0.015642
28 -0.0297798
29 -0.034479
30 -0.0279691
31 -0.012132
32 0.00756247
33 0.0236318
34 0.0294112
35 0.022151
36 0.0048956
37 -0.0141919
38 -0.0253766
39 -0.022477
40 -0.00687908
41 0.0123562
42 0.0232886
43 0.0186472
44 0.0013708
45 -0.0163932
46 -0.02143
47 -0.00967275
48 0.00958446
49 0.0202546
50 0.0129384
51 -0.00591545
52 -0.0187052
53 -0.0129318
54 0.00573505
55 0.0179321
56 0.0104731
57 -0.00846141
58 -0.0171828
59 -0.00530451
60 0.0127569
61 0.0143002
62 -0.00273019
63 -0.0156931
64 -0.00681746
65 0.0114406
66 0.0126927
67 -0.00493386
68 -0.0146069
69 -0.00122586
70 0.0137852
71 0.00582374
72 -0.0117149
73 -0.00869717
74 0.00952419
75 0.0101864
76 -0.00786347
77 -0.0107205
78 0.00701461
79 0.010601
80 -0.00703067
81 -0.00992776
82 0.00781666
83 0.00860781
84 -0.00913103
85 -0.006422
86 0.0105291
87 0.00316565
88 -0.0113071
89 0.00111486
90 0.010552
91 -0.00581664
92 -0.00743927
93 0.00956427
94 0.0018563
95 -0.0104176
96 0.00483808
97 0.00686403
98 -0.00958763
99 0.000503161
