1.1 3.0321
1.2 3.1376
1.3 3.3321
1.4 3.6336
1.5 4.0625
1.6 4.6416
1.7 5.3961
1.8 6.3536
1.9 7.5441
2 9
2.1 10.7561
2.2 12.8496
2.3 15.3201
2.4 18.2096
2.5 21.5625
2.6 25.4256
2.7 29.8481
2.8 34.8816
2.9 40.5801
3 47
3.1 54.2
3.2 62.2415
3.3 71.188
3.4 81.1055
3.5 92.0624
3.6 104.129
3.7 117.38
3.8 131.889
3.9 147.736
4 165
4.1 183.764
4.2 204.113
4.3 226.136
4.4 249.921
4.5 275.562
4.6 303.153
4.7 332.791
4.8 364.577
4.9 398.611
5 434.999
5.1 473.847
5.2 515.265
5.3 559.363
5.4 606.256
5.5 656.061
5.6 708.896
5.7 764.882
5.8 824.144
5.9 886.806
6 952.998
6.1 1022.85
6.2 1096.49
6.3 1174.07
6.4 1255.71
6.5 1341.56
6.6 1431.76
6.7 1526.45
6.8 1625.79
6.9 1729.92
7 1839
7.1 1953.17
7.2 2072.6
7.3 2197.45
7.4 2327.88
7.5 2464.06
7.6 2606.14
7.7 2754.3
7.79999 2908.71
7.89999 3069.55
7.99999 3236.99
8.09999 3411.21
8.2 3592.39
8.3 3780.72
8.4 3976.38
8.5 4179.55
8.6 4390.44
8.7 4609.23
8.8 4836.12
8.9 5071.31
9 5315
9.1 5567.38
9.2 5828.67
9.3 6099.07
9.4 6378.8
9.5 6668.06
9.6 6967.07
9.7 7276.05
9.8 7595.22
9.9 7924.8
