-9.9 52225.8
-9.8 50191.9
-9.7 48218
-9.6 46302.9
-9.5 44445.5
-9.4 42644.6
-9.3 40899.1
-9.2 39207.7
-9.1 37569.3
-9 35982.9
-8.9 34447.4
-8.8 32961.5
-8.7 31524.3
-8.59999 30134.6
-8.49999 28791.5
-8.39999 27493.8
-8.29999 26240.5
-8.19999 25030.6
-8.09999 23863.1
-7.99999 22736.9
-7.89999 21651.2
-7.79999 20604.8
-7.69999 19596.9
-7.59999 18626.4
-7.49999 17692.5
-7.39999 16794.2
-7.29999 15930.6
-7.19999 15100.8
-7.09999 14303.9
-6.99999 13539
-6.89999 12805.2
-6.79999 12101.7
-6.69999 11427.6
-6.59999 10782.2
-6.49999 10164.5
-6.39999 9573.83
-6.29999 9009.31
-6.19999 8470.17
-6.09999 7955.65
-5.99999 7464.98
-5.89999 6997.4
-5.79999 6552.19
-5.7 6128.62
-5.6 5725.97
-5.5 5343.54
-5.4 4980.65
-5.3 4636.6
-5.2 4310.75
-5.1 4002.42
-5 3710.99
-4.9 3435.82
-4.8 3176.29
-4.7 2931.79
-4.6 2701.74
-4.5 2485.55
-4.4 2282.66
-4.3 2092.49
-4.2 1914.51
-4.1 1748.19
-4 1592.99
-3.9 1448.42
-3.8 1313.97
-3.7 1189.16
-3.6 1073.51
-3.5 966.56
-3.4 867.861
-3.3 776.976
-3.2 693.478
-3.1 616.953
-3 546.998
-2.9 483.225
-2.8 425.255
-2.7 372.721
-2.6 325.271
-2.5 282.562
-2.4 244.263
-2.3 210.058
-2.2 179.64
-2.1 152.714
-2 129
-1.9 108.226
-1.8 90.1357
-1.7 74.4823
-1.6 61.0318
-1.5 49.5623
-1.4 39.8638
-1.3 31.7384
-1.2 24.9999
-1.1 19.4744
