-100 -0.000965223
-99 -0.00353847
-98 -0.00293141
-97 0.000298885
-96 0.00331232
-95 0.00352296
-94 0.000768701
-93 -0.00265937
-92 -0.00398196
-91 -0.00216208
-90 0.00136586
-89 0.00390357
-88 0.00356414
-87 0.000614702
-86 -0.00281777
-85 -0.00432797
-84 -0.00289595
-83 0.000497665
-82 0.0036164
-81 0.00446694
-80 0.00253573
-79 -0.000974955
-78 -0.0039583
-77 -0.0046823
-76 -0.00275576
-75 0.000729772
-74 0.00387662
-73 0.00503081
-72 0.00361963
-71 0.000374076
-70 -0.00310783
-69 -0.00517488
-68 -0.00489021
-67 -0.00240731
-66 0.0011682
-65 0.00431177
-64 0.00573789
-63 0.00489922
-62 0.00214812
-61 -0.00146021
-60 -0.00460455
-59 -0.00618563
-58 -0.00568692
-57 -0.00330183
-56 0.000183674
-55 0.00368214
-54 0.00615545
-53 0.00691166
-52 0.00576949
-51 0.00306349
-50 -0.000487969
-49 -0.00399672
-48 -0.00663418
-47 -0.00781766
-46 -0.00731668
-45 -0.00526793
-44 -0.00211079
-43 0.00152979
-42 0.00498021
-41 0.00764464
-40 0.00909911
-39 0.00914194
-38 0.00779977
-37 0.0052967
-36 0.00199827
-35 -0.00165574
-34 -0.0052176
-33 -0.00828766
-32 -0.0105544
-31 -0.0118162
-30 -0.0119871
-29 -0.0110873
-28 -0.00922519
-27 -0.00657296
-26 -0.00334141
-25 0.000244153
-24 0.0039642
-23 0.00762042
-22 0.0110461
-21 0.0141116
-20 0.0167256
-19 0.0188335
-18 0.020413
-17 0.021469
-16 0.0220271
-15 0.0221284
-14 0.0218231
-13 0.0211664
-12 0.0202145
-11 0.0190214
-10 0.017637
-9 0.0161056
-8 0.0144651
-7 0.0127467
-6 0.0109752
-5 0.00916851
-4 0.00733738
-3 0.00548286
-2 0.0035892
-1 0.00162013
